# id	file_path	transparent_color_r	g	b
[TEXTURES]
0	textures\mario.png	255	255	255
20	textures\misc.png	176	224	248
10	textures\enemies.png	3	26	110
30	map\map1-1_bank.png	255	255	255

#id	tileRTileSet	tileCTileSet	tileRMap	tileCMap	totalTiles	file_path
[MAP]
30	9	11	27	176	91	map\map1-1.txt

# id	left	top	right	bottom	texture_id
[SPRITES]
# ==== BIG MARIO ====
# idle right
10001	246	154	260	181	0
# walk
10002	275	154	290	181	0		
10003	304	154	321	181	0
# idle left
10011	186	154	200	181	0
# walk
10012	155	154	170	181	0
10013	125	154	140	181	0
# die 
10099	215	120	231	135	0
# ==== SMALL MARIO ====
# idle small right
10021	247	0	259	15	0
# walk
10022	275	0	291	15	0
10023	306	0	320	15	0
# idle small left
10031	187	0	198	15	0
# walk
10032	155	0	170	15	0
10033	125	0	139	15	0

# ==== BRICK ====
20000	408	225	424	241	20

# brick with question mark animation
20001	300	117	316	133	20
20002	318	117	334	133	20
20003	336	117	352	133	20
20004	354	117	370	133	20
20005	372	117	388	133	20

# brick with flash animation
#20011	300	135	316	151	20
#20012	318	135	336	151	20
#20013	336	135	352	151	20
#20014	354	135	370	151	20
#20015	372	135	388	151	20

# ground brick
20021	112	112	128	128	30
20022	128	112	144	128	30
20023	144	112	160	128	30

# ==== GOOMBA ====
30001	5	14	21	29	10
30002	25	14	41	29	10

# die
30003	45	21	61	29	10

# ==== BLOCK ====

# pink
40001	160	0	176	16	30
40002	0	16	16	32	30
40003	16	16	32	32	30

# blue
40011	16	64	32	80	30
40012	32	64	48	80	30
40013	48	64	64	80	30

# white
40021	48	48	64	64	30
40022	64	48	80	64	30
40023	80	48	96	64	30

# green
40031	96	32	112	48	30
40032	112	32	128	48	30
40033	128	32	144	48	30

# ==== PIPE ====
50021	96	0	112	16	30
50022	112	0	128	16	30
50023	128	0	144	16	30
50024	144	0	160	16	30

# ==== CLOUD ====
60001	160	16	176	32	30

					
# ani_id	sprite1_id	time1	sprite2_id	time2	...
[ANIMATIONS]

# ==== MARIO ====
# idle BIG right
400	10001	100
# idle BIG left
401	10011	100
# idle small right
402	10021	100
# idle small left
403	10031	100
# walk right big
500	10001	100	10002	100	10003	100
# walk left big
501	10011	100	10012	100	10013	100
# walk right small
502	10021	100	10022	100	10023	100
# walk left small
503	10031	100	10032	100	10033	100
# die
599	10099	100


# ==== BRICK ====
602	20000	100

# ==== BRICK WITH QUESTION MARK ====
603	20001	100	20002	100	20003	100	20004	100

# ==== BRICK WITH FLASH ANIMATION ====
604	20011	200	20012	200	20013	200

# ==== GROUND BRICK ====
605	20021	100
606	20022	100
607	20023	100

# ==== BLOCK ====
# pink
608	40001	100
609	40002	100
610	40003	100

# blue
611	40011	100
612	40012	100
613	40013	100

# white
614	40021	100
615	40022	100
616	40023	100

# green
617	40031	100
618	40032	100
619	40033	100

# ==== PIPE ====
620	50021	100
621	50022	100
622	50023	100
623	50024	100

# ==== CLOUD ====
624	60001	100

# ==== GOOMBA  =====
# walk
701	30001	100	30002	100
# die
702	30003	100


#
# id	ani1	ani2	ani3
#
[ANIMATION_SETS]

# MARIO
1	400	401	402	403	500	501	502	503	599

# BRICK 
2	602

# BRICK WITH QUESTION MARK
3	603

# BRICK WITH FLASH ANIMATION
4	604

# GROUND BRICK
5	605
6	606
7	607

# BLOCK
# pink
8	608
9	609
10	610

# blue
11	611
12	612
13	613

# white
14	614
15	615
16	616

# green
17	617
18	618
19	619

# PIPE
20	620
21	621
22	622
23	623

# CLOUD
24	624

# GOOMBA
33	701	702

[OBJECTS]
# type	x	y	ani_set_id	extra_settings per object type
# type: 0 = Mario , 1 = Brick, 2 = Goomba, 3 = Koopas

# MARIO
0	50.0	0	1

# ==== BRICK ====
# --- wooden brick ---
1	2256	304	2
1	2272	304	2
1	1504	336	2
1	1520	336	2
1	1600	368	2
1	1664	368	2
1	2256	368	2
1	2272	368	2
1	1584	384	2
1	1600	384	2
1	1664	384	2
1	1680	384	2
1	1568	400	2
1	1584	400	2
1	1600	400	2
1	1664	400	2
1	1680	400	2
1	1696	400	2

# --- brick with question mark ---
#1	224	304	3
#1	240	304	3
#1	416	320	3
#1	176	352	3
#1	192	352	3
#1	704	352	3
#1	1472	368	3
#1	656	384	3

# --- brick with flash animation ---
1	1440	128	4
1	1984	368	4
1	2000	368	4
1	2016	368	4
1	2032	368	4
1	1968	384	4
1	1984	384	4
1	2000	384	4
1	2016	384	4
1	2032	384	4
1	2096	384	4
1	1952	400	4
1	1968	400	4
1	1984	400	4
1	2000	400	4
1	2016	400	4
1	2032	400	4
1	2048	400	4
1	2096	400	4
1	2112	400	4

# --- ground brick ---
1	624	400	5
1	640	400	6
1	656	400	6
1	672	400	6
1	688	400	6
1	704	400	6
1	720	400	6
1	736	400	6
1	752	400	6
1	768	400	6
1	784	400	6
1	800	400	6
1	816	400	6
1	832	400	6
1	848	400	6
1	864	400	6
1	880	400	6	
1	896	400	6
1	912	400	6
1	928	400	6
1	944	400	6
1	960	400	6
1	976	400	6
1	992	400	6
1	1008	400	6
1	1024	400	6
1	1040	400	6
1	1056	400	6
1	1072	400	7
1	0	416	5
1	16	416	6
1	32	416	6
1	48	416	6
1	64	416	6
1	80	416	6
1	96	416	6
1	112	416	6
1	128	416	6
1	144	416	6
1	160	416	6
1	176	416	6
1	192	416	6
1	208	416	6
1	224	416	6
1	240	416	6
1	256	416	6
1	272	416	6
1	288	416	6
1	304	416	6
1	320	416	6
1	336	416	6
1	352	416	6
1	368	416	6
1	384	416	6
1	400	416	6
1	416	416	6
1	432	416	6
1	448	416	6
1	464	416	6
1	480	416	6
1	496	416	6
1	512	416	6
1	528	416	6
1	544	416	6
1	560	416	6
1	576	416	6
1	592	416	6
1	608	416	7
1	1152	416	5
1	1168	416	6
1	1184	416	6
1	1200	416	6
1	1216	416	6
1	1232	416	6
1	1248	416	6
1	1264	416	6
1	1280	416	6
1	1296	416	6
1	1312	416	6
1	1328	416	6
1	1344	416	6
1	1360	416	6
1	1376	416	6
1	1392	416	6
1	1408	416	6
1	1424	416	6
1	1440	416	6
1	1456	416	6
1	1472	416	6
1	1488	416	7
1	1536	416	5
1	1552	416	6
1	1568	416	6
1	1584	416	6
1	1600	416	7
1	1664	416	5
1	1680	416	6
1	1696	416	6
1	1712	416	6
1	1728	416	6
1	1744	416	6
1	1760	416	6
1	1776	416	6
1	1792	416	6
1	1808	416	6
1	1824	416	6
1	1840	416	6
1	1856	416	6
1	1872	416	6
1	1888	416	6
1	1904	416	6
1	1920	416	6
1	1936	416	6
1	1952	416	6
1	1968	416	6
1	1984	416	6
1	2000	416	6
1	2016	416	6
1	2032	416	6
1	2048	416	6
1	2064	416	6
1	2080	416	6
1	2096	416	6
1	2112	416	6
1	2128	416	6
1	2144	416	6
1	2160	416	6
1	2176	416	6
1	2192	416	6
1	2208	416	6
1	2224	416	7
1	2256	416	5
1	2272	416	6
1	2288	416	6
1	2304	416	6
1	2320	416	6
1	2336	416	6
1	2352	416	6
1	2368	416	6
1	2384	416	6
1	2400	416	6
1	2416	416	6
1	2432	416	6
1	2448	416	6
1	2464	416	6
1	2480	416	6
1	2496	416	6
1	2512	416	6
1	2528	416	6
1	2544	416	6
1	2560	416	6
1	2576	416	6
1	2592	416	6
1	2608	416	6
1	2624	416	6
1	2640	416	6
1	2656	416	6
1	2672	416	6
1	2688	416	6
1	2704	416	6
1	2720	416	6
1	2736	416	6
1	2752	416	6
1	2768	416	6
1	2784	416	6
1	2800	416	7	

# ==== BLOCK ====
# --- pink ---
1	1312	144	8
1	1328	144	9
1	1344	144	9
1	1360	144	10
1	464	336	8
1	480	336	9
1	496	336	9
1	512	336	10
1	1296	352	8
1	1312	352	9
1	1328	352	9
1	1344	352	9
1	1360	352	9
1	1376	352	9
1	1392	352	10
1	240	368	8
1	256	368	9
1	272	368	10
1	2144	368	8
1	2160	368	9
1	2176	368	10

# --- blue ---
1	1328	320	11
1	1344	320	12
1	1360	320	12
1	1376	320	12
1	1392	320	12
1	1408	320	12
1	1424	320	13
1	272	336	11
1	288	336	12
1	304	336	13

# --- white ---
1	512	304	14
1	528	304	15
1	544	304	15
1	560	304	16

# --- green ---
1	2176	272	17
1	2192	272	18
1	2208	272	19
1	400	368	17
1	416	368	18
1	432	368	18
1	448	368	18
1	464	368	19
1	512	384	17
1	528	384	18
1	544	384	18
1	560	384	18
1	576	384	18
1	592	384	19
1	1264	384	17
1	1280	384	18
1	1296	384	18
1	1312	384	18
1	1328	384	18
1	1344	384	18
1	1360	384	19

# ==== PIPE ==== 7 8 9 10 = 20 21 22 23
1	2256	112	20
1	2272	112	21
1	2256	128	22
1	2272	128	23
1	2256	144	22
1	2272	144	23
1	2256	160	22
1	2272	160	23
1	2256	176	22
1	2272	176	23
1	2256	192	22
1	2272	192	23
1	2256	208	22
1	2272	208	23
1	2256	224	22
1	2272	224	23
1	2256	240	22
1	2272	240	23
1	2256	256	22
1	2272	256	23
1	2256	272	22
1	2272	272	23
1	2256	288	22
1	2272	288	23
1	352	368	20
1	368	368	21
1	1856	368	20
1	1872	368	21
1	352	384	22
1	368	384	23
1	1792	384	20
1	1808	384	21
1	1856	384	22
1	1872	384	23
1	2256	384	22
1	2272	384	23
1	2320	384	20
1	2336	384	21
1	352	400	22
1	368	400	23
1	1792	400	22
1	1808	400	23
1	1856	400	22
1	1872	400	23
1	2256	400	22
1	2272	400	23
1	2320	400	22
1	2336	400	23

# ==== CLOUD ====
1	1488	176	24
1	1504	176	24
1	1520	176	24
1	1536	176	24
1	1552	176	24
1	1568	176	24
1	1584	176	24
1	1600	176	24
1	1616	176	24
1	1632	176	24
1	1648	176	24
1	1664	176	24
1	1680	176	24
1	1408	192	24
1	1424	192	24
1	1440	192	24
1	1456	192	24

# GOOMBA
2	200	135	33
2	260	135	33
2	320	135	33
2	480	135	33
2	500	135	33

# --- SCENE PORTAL ----
# type	l	t	ani_set_id	r	b	scene_id
50	300	98	0	316	150	2