# id	file_path	transparent_color_r	g	b
[TEXTURES]
0	textures\mario.png	255	255	255
20	textures\misc.png	176	224	248
10	textures\enemies.png	3	26	110
30	map\map1-1_bank.png	255	255	255

#ID	TRTileSet	TCTileSet	TRMap	TCMap	TotalTiles	Matrix_Path
[MAP]
30	9	11	27	176	91	map\map1-1.txt
[SPRITES]
#  ==== Big Mario  ==== 
# idle right
10001	246	154	260	181	0
# walk
10002	275	154	290	181	0
10003	304	154	321	181	0
# idle left
10011	186	154	200	181	0
#walk
10012	155	154	170	181	0
10013	125	154	140	181	0
# die 
10099	215	120	231	135	0
#  ==== Small Mario ==== 
# idle small right
10021	247	0	259	15	0
# walk to the right
10022	275	0	291	15	0
10023	306	0	320	15	0
10024	335	0	351	16	0
10025	367	0	379	15	0
10026	397	0	410	16	0
#brake face to right
10027	426	0	440	16	0
#jump small right
10028	395	80	411	96	0
# idle small left
10031	187	0	198	15	0
# walk to the left
10032	155	0	170	15	0
10033	125	0	139	15	0
10034	95	0	111	16	0
10035	67	0	81	15	0
10036	36	0	50	16	0
#brake face to left
10037	6	0	20	16	0
#jump small left
10038	35	80	51	96	0
# ==== Brick ==== 
20001	408	225	424	241	20
#cloud brick
20002	64	32	80	48	30
#brick with question mark animation
20101	300	117	316	133	20
20102	318	117	334	133	20
20103	336	117	352	133	20
20104	355	117	370	133	20
#ground brick
20011	112	128	128	144	30
20012	128	128	144	144	30
20013	144	128	160	144	30
#brick with flash animation
20111	300	135	316	151	20
20112	318	135	336	151	20
20113	336	135	352	151	20
20114	354	135	370	151	20
20115	372	135	388	151	20
# ==== Goomba ==== 
30001	5	14	21	29	10
30002	25	14	41	29	10
#die
30003	45	21	61	29	10
# ==== Block  ====
# pink 
40001	64	16	80	32	30
40002	80	16	96	32	30
40003	96	16	112	32	30
# cyan
40004	128	64	144	80	30
40005	144	64	160	80	30
40006	160	64	176	80	30
# green
40007	0	48	16	64	30
40008	16	48	32	64	30
40009	32	48	48	64	30
# ==== Pipe ==== 
50021	160	0	176	16	30
50022	0	16	16	32	30
50023	32	16	48	32	30
50024	48	16	64	32	30	
# ani_id	sprite1_id	time1	sprite2_id	time2	...
[ANIMATIONS]
# ==== Mario =========
# ==== BIG =====
#idle big right
400	10001	100
#idle big left
401	10011	100
#walk right big
500	10001	100	10002	100	10003	100
#walk left big
501	10011	100	10012	100	10013	100
#jump big left
#jump big right
# ==== SMALL =====
#idle small right
402	10021	100
#idle small left
403	10031	100
#walk right small
502	10021	100	10022	100	10023	100	10024	100
#walk left small
503	10031	100	10032	100	10033	100	10034	100
#jump small left
513	10038	100
#jump small right
512	10028	100
#brake face to right
522	10027	100
#brake face to left
523	10037	100
#die
599	10099	100
# ==== Brick =========
601	20001	100
# ==== Brick With Question Mark =========
602	20101	100	20102	100	20103	100	20104	100
# ==== Ground Brick =========
603	20011	100
604	20012	100
605	20013	100
# ==== Brick With Flash Animation =========
606	20111	200	20112	200	20113	200	20114	200	20115	200
# ==== Cloud Brick =========
607	20002	100
# ==== Goomba  =========
# walk
701	30001	100	30002	100
# die
702	30003	100
#  ==== Block  ====
# pink
621	40001	100
622	40002	100
623	40003	100
# cyan
624	40004	100
625	40005	100
626	40006	100
# green
627	40007	100
628	40008	100
629	40009	100
#  ==== Pipe ==== 
611	50021	100
612	50022	100
613	50023	100
614	50024	100
# id	ani1	ani2	ani3
#
[ANIMATION_SETS]
# Mario
1	400	401	402	403	500	501	502	503	512	513	522	533	599
# Brick
46	601
# Cloud Brick 
26	607
# Question Mark Brick 
22	602
# Ground Brick
95	603
96	604
97	605
# Brick With Animation
12	606
# Block Line
# pink
15	621
16	622
17	623
# cyan
52	624
53	625
54	626
# green
33	627
34	628
35	629
# Pipe
10	611
11	612
13	613
14	614
# Goomba
3	701	702
[OBJECTS]
# type	x	y	ani_set_id	extra_settings per object type
# type: 0 = Mario , 1 = Brick, 2 = Goomba, 3 = Koopas, 4 = Block
# MARIO
0	50.0	0	1

# === Brick === 
# --- woody brick ----
1	2256	304	46
1	2272	304	46
1	1504	336	46
1	1520	336	46
1	1600	368	46
1	1664	368	46
1	2256	368	46
1	2272	368	46
1	1584	384	46
1	1600	384	46
1	1664	384	46
1	1680	384	46
1	1568	400	46
1	1584	400	46
1	1600	400	46
1	1664	400	46
1	1680	400	46
1	1696	400	46
# ---- cloudy brick ----
1	1488	176	26
1	1504	176	26
1	1520	176	26
1	1536	176	26
1	1552	176	26
1	1568	176	26
1	1584	176	26
1	1600	176	26
1	1616	176	26
1	1632	176	26
1	1648	176	26
1	1664	176	26
1	1680	176	26
1	1408	192	26
1	1424	192	26
1	1440	192	26
1	1456	192	26 
# ---- ground brick ----
1	624	400	95
1	0	416	95
1	1152	416	95
1	1536	416	95
1	1664	416	95
1	2256	416	95
1	640	400	96
1	656	400	96
1	672	400	96
1	688	400	96
1	704	400	96
1	720	400	96
1	736	400	96
1	752	400	96
1	768	400	96
1	784	400	96
1	800	400	96
1	816	400	96
1	832	400	96
1	848	400	96
1	864	400	96
1	880	400	96
1	896	400	96
1	912	400	96
1	928	400	96
1	944	400	96
1	960	400	96
1	976	400	96
1	992	400	96
1	1008	400	96
1	1024	400	96
1	1040	400	96
1	1056	400	96
1	16	416	96
1	32	416	96
1	48	416	96
1	64	416	96
1	80	416	96
1	96	416	96
1	112	416	96
1	128	416	96
1	144	416	96
1	160	416	96
1	176	416	96
1	192	416	96
1	208	416	96
1	224	416	96
1	240	416	96
1	256	416	96
1	272	416	96
1	288	416	96
1	304	416	96
1	320	416	96
1	336	416	96
1	352	416	96
1	368	416	96
1	384	416	96
1	400	416	96
1	416	416	96
1	432	416	96
1	448	416	96
1	464	416	96
1	480	416	96
1	496	416	96
1	512	416	96
1	528	416	96
1	544	416	96
1	560	416	96
1	576	416	96
1	592	416	96
1	1168	416	96
1	1184	416	96
1	1200	416	96
1	1216	416	96
1	1232	416	96
1	1248	416	96
1	1264	416	96
1	1280	416	96
1	1296	416	96
1	1312	416	96
1	1328	416	96
1	1344	416	96
1	1360	416	96
1	1376	416	96
1	1392	416	96
1	1408	416	96
1	1424	416	96
1	1440	416	96
1	1456	416	96
1	1472	416	96
1	1552	416	96
1	1568	416	96
1	1584	416	96
1	1680	416	96
1	1696	416	96
1	1712	416	96
1	1728	416	96
1	1744	416	96
1	1760	416	96
1	1776	416	96
1	1792	416	96
1	1808	416	96
1	1824	416	96
1	1840	416	96
1	1856	416	96
1	1872	416	96
1	1888	416	96
1	1904	416	96
1	1920	416	96
1	1936	416	96
1	1952	416	96
1	1968	416	96
1	1984	416	96
1	2000	416	96
1	2016	416	96
1	2032	416	96
1	2048	416	96
1	2064	416	96
1	2080	416	96
1	2096	416	96
1	2112	416	96
1	2128	416	96
1	2144	416	96
1	2160	416	96
1	2176	416	96
1	2192	416	96
1	2208	416	96
1	2272	416	96
1	2288	416	96
1	2304	416	96
1	2320	416	96
1	2336	416	96
1	2352	416	96
1	2368	416	96
1	2384	416	96
1	2400	416	96
1	2416	416	96
1	2432	416	96
1	2448	416	96
1	2464	416	96
1	2480	416	96
1	2496	416	96
1	2512	416	96
1	2528	416	96
1	2544	416	96
1	2560	416	96
1	2576	416	96
1	2592	416	96
1	2608	416	96
1	2624	416	96
1	2640	416	96
1	2656	416	96
1	2672	416	96
1	2688	416	96
1	2704	416	96
1	2720	416	96
1	2736	416	96
1	2752	416	96
1	2768	416	96
1	2784	416	96
1	1072	400	97
1	608	416	97
1	1488	416	97
1	1600	416	97
1	2224	416	97
1	2800	416	97
# --- brick with flash animation ---
1	1440	128	12
1	1984	368	12
1	2000	368	12
1	2016	368	12
1	2032	368	12
1	1968	384	12
1	1984	384	12
1	2000	384	12
1	2016	384	12
1	2032	384	12
1	2096	384	12
1	1952	400	12
1	1968	400	12
1	1984	400	12
1	2000	400	12
1	2016	400	12
1	2032	400	12
1	2048	400	12
1	2096	400	12
1	2112	400	12
# --- Pipe --- 
1	2256	112	10
1	352	368	10
1	1856	368	10
1	1792	384	10
1	2320	384	10
1	2272	112	11
1	368	368	11
1	1872	368	11
1	1808	384	11
1	2336	384	11
1	2256	128	13
1	2256	144	13
1	2256	160	13
1	2256	176	13
1	2256	192	13
1	2256	208	13
1	2256	224	13
1	2256	240	13
1	2256	256	13
1	2256	272	13
1	2256	288	13
1	352	384	13
1	1856	384	13
1	2256	384	13
1	352	400	13
1	1792	400	13
1	1856	400	13
1	2256	400	13
1	2320	400	13
1	2272	128	14
1	2272	144	14
1	2272	160	14
1	2272	176	14
1	2272	192	14
1	2272	208	14
1	2272	224	14
1	2272	240	14
1	2272	256	14
1	2272	272	14
1	2272	288	14
1	368	384	14
1	1872	384	14
1	2272	384	14
1	368	400	14
1	1808	400	14
1	1872	400	14
1	2272	400	14
1	2336	400	14
# === Goomba === 
2	200	135	3
2	260	135	3
2	320	135	3
2	480	135	3
2	500	135	3
# === Block Line === 
4	1312	144	15
4	464	336	15
4	1296	352	15
4	240	368	15
4	2144	368	15
4	1328	144	16
4	1344	144	16
4	480	336	16
4	496	336	16
4	1312	352	16
4	1328	352	16
4	1344	352	16
4	1360	352	16
4	1376	352	16
4	256	368	16
4	2160	368	16
4	1360	144	17
4	512	336	17
4	1392	352	17
4	272	368	17
4	2176	368	17
4	2176	272	33
4	400	368	33
4	512	384	33
4	1264	384	33
4	2192	272	34
4	416	368	34
4	432	368	34
4	448	368	34
4	528	384	34
4	544	384	34
4	560	384	34
4	576	384	34
4	1280	384	34
4	1296	384	34
4	1312	384	34
4	1328	384	34
4	1344	384	34
4	2208	272	35
4	464	368	35
4	592	384	35
4	1360	384	35
4	1328	320	52
4	272	336	52
4	1344	320	53
4	1360	320	53
4	1376	320	53
4	1392	320	53
4	1408	320	53
4	288	336	53
4	1424	320	54
4	304	336	54
# --- SCENE PORTAL ----
# type	l	t	ani_set_id	r	b	scene_id
# 50	300	98	0	316	150	2